Resultados de simulación — 20260923_175028
Pasajeros: 100 | P(carry-on): 0.65 | Simulaciones por política: 100
============================================================

[rand]
  Promedio : 1214.3s
  Desvío   : 88.7s
  IC 95%   : [1196.7s, 1231.9s]
  Mínimo   : 1020s
  Máximo   : 1422s
  Tiempos  : [1334, 1115, 1260, 1267, 1264, 1148, 1422, 1181, 1372, 1334, 1247, 1281, 1194, 1273, 1169, 1238, 1154, 1326, 1084, 1091, 1218, 1196, 1233, 1214, 1262, 1148, 1225, 1264, 1020, 1205, 1100, 1242, 1089, 1243, 1167, 1259, 1117, 1243, 1177, 1202, 1181, 1234, 1259, 1297, 1227, 1275, 1255, 1051, 1230, 1213, 1259, 1214, 1268, 1161, 1246, 1275, 1282, 1113, 1132, 1246, 1104, 1070, 1312, 1183, 1229, 1175, 1276, 1082, 1206, 1204, 1030, 1380, 1177, 1189, 1197, 1340, 1352, 1232, 1068, 1296, 1372, 1054, 1020, 1294, 1217, 1404, 1261, 1316, 1105, 1078, 1156, 1275, 1141, 1200, 1157, 1182, 1143, 1321, 1269, 1370]

[btf]
  Promedio : 2028.9s
  Desvío   : 128.3s
  IC 95%   : [2003.5s, 2054.4s]
  Mínimo   : 1706s
  Máximo   : 2292s
  Tiempos  : [2017, 1855, 1706, 2014, 2030, 2151, 2071, 2073, 1971, 2166, 2139, 1945, 1834, 2039, 1824, 2116, 1900, 1928, 2223, 2292, 2119, 2138, 2056, 1812, 1955, 2163, 2111, 1922, 2012, 2065, 1932, 2120, 2104, 2026, 2070, 1867, 2032, 1916, 2038, 1943, 2284, 1915, 2049, 2102, 2130, 2073, 1960, 2010, 2200, 1900, 1987, 1949, 2137, 1929, 1782, 1965, 2030, 2156, 2221, 2172, 1896, 1983, 1968, 2127, 1830, 2040, 2275, 2217, 2031, 2027, 1963, 1773, 2010, 2206, 1772, 1995, 2025, 2034, 1947, 2084, 2054, 2009, 2104, 2242, 2013, 2064, 2033, 2174, 2131, 2203, 2050, 1826, 1754, 2253, 1938, 1935, 1948, 2233, 1941, 2140]

[wilma]
  Promedio : 1169.1s
  Desvío   : 84.7s
  IC 95%   : [1152.3s, 1185.9s]
  Mínimo   : 926s
  Máximo   : 1352s
  Tiempos  : [1303, 1156, 1189, 1229, 1202, 1241, 1177, 1134, 1117, 1112, 1119, 1161, 1009, 1169, 1292, 1199, 1113, 1262, 1261, 1190, 1071, 1168, 1138, 1047, 1352, 1102, 1077, 1129, 1182, 1239, 1137, 1107, 1207, 1142, 1129, 1253, 1012, 1273, 1283, 1171, 1292, 1234, 1110, 1218, 1073, 1232, 1165, 1170, 1243, 1191, 1038, 1213, 1201, 1190, 1264, 1131, 1193, 1222, 1141, 927, 980, 1060, 1239, 1097, 1028, 1230, 1150, 1303, 1224, 1113, 1179, 1279, 1182, 1194, 996, 1157, 1119, 1251, 1117, 1200, 1190, 1131, 1140, 1240, 1186, 1206, 1126, 1175, 1124, 984, 926, 1285, 1258, 1329, 1190, 1148, 1195, 1262, 1223, 1189]

[stfn]
  Promedio : 500.4s
  Desvío   : 56.2s
  IC 95%   : [489.3s, 511.6s]
  Mínimo   : 389s
  Máximo   : 707s
  Tiempos  : [470, 530, 520, 444, 470, 529, 473, 486, 416, 453, 583, 479, 564, 455, 424, 493, 497, 533, 470, 637, 561, 429, 479, 490, 467, 480, 501, 505, 537, 443, 441, 411, 436, 511, 485, 554, 491, 517, 459, 559, 507, 614, 501, 448, 493, 428, 480, 516, 510, 550, 531, 489, 453, 418, 542, 634, 562, 494, 480, 507, 551, 485, 545, 430, 532, 472, 489, 571, 397, 543, 494, 707, 570, 551, 485, 445, 589, 457, 394, 507, 523, 448, 519, 493, 389, 531, 518, 516, 533, 527, 555, 414, 400, 514, 430, 517, 542, 520, 571, 532]

